-918202.3065949824 1.5338680429872415e+18 2.584368432330277e+18
-939523.2990839318 1.6290846536013325e+18 1.948409638563269e+18
-668113.2060110489 2.2879245766138483e+18 2.0639168881096412e+18
-827050.9446473051 2.3860321753885737e+18 2.6587034504950277e+18
-557997.0635916776 1.9683178022477138e+18 2.849026438086787e+18
-711714.8851190237 4.3796114981568553e+18 2.556619827768076e+18
-577757.3454093896 5.039633667765972e+18 4.568336747077895e+18
-578993.1600533308 5.332272965055704e+18 6.376991224511827e+18
-576625.5135903812 2.0419450781666412e+18 3.3369765488671677e+18
-584327.0835442309 3.3437519240628874e+18 3.0235284158410286e+18
-300354.6647141301 4.425399903810551e+18 4.809587652197476e+18
-163939.2990088759 4.2190028796778926e+18 4.1839844808507315e+18
-85638.51116935011 2.3385422404606884e+18 4.617477894531572e+18
-132702.0813216856 2.906378887598917e+18 2.8284572084327163e+18
-86172.62206065626 3.728115624377022e+18 3.897250197754175e+18
-70091.25191404343 4.366252027929242e+18 4.1111826568754294e+18
7.155219169902446e+18 2.503608829866979e+18 2.586236572507202e+18
-52097.04303739566 2.8256286064213094e+18 2.688837010380073e+18
-34831.068309551134 3.1870941011023017e+18 4.323214901122499e+18
-38040.47668249188 4.4292178797406454e+18 1.0581174321354914e+19
-19638.107656171156 7.957392247202355e+18 7.984885032207694e+18
-21157.293216506372 7.91190617428804e+18 8.234482187374593e+18
-25570.475095518166 7.938676890043261e+18 9.644292316985344e+18
8.759965027704017e+18 8.476498336041433e+18 1.3687669318254838e+19
-8924.06927680488 4.11295591270429e+18 5.035281503841534e+18
-28903.84927054752 9.382789988272665e+18 6.400649866827424e+18
-5266.795781207176 1.6763550904901812e+19 1.6106339741571721e+19
-6029.245821430775 4.681976145378741e+18 1.2087095813256462e+19
-4531.1273918944535 2.028319204927499e+19 2.329544827395272e+19
-4152.746281363892 1.7915116835261536e+19 1.765441243441259e+19
1.86530012610342e+19 1.8468800011448246e+19 1.5244481245447324e+19
-5723.538827862648 2.8798043860240916e+19 3.1316467122703073e+19
-1134.7179452462824 2.424478350224413e+19 2.0488252662777053e+19
-1012.936689702065 3.27471295235438e+19 2.49690550175614e+19
-1283.307370492688 4.524591163420518e+19 3.873903223367647e+19
-1387.1173168382857 5.723508408126843e+19 6.162055312230552e+19
-1412.6087830621166 5.250215697898742e+19 3.871803808828335e+19
-1371.4892898244334 5.711490639135436e+19 5.348533288074745e+19
-3432.1347485369397 8.77635906724809e+19 9.185046946110577e+19
-1066.6313679275158 6.0608715028041925e+19 6.798677076120046e+19
1.0502244119509087e+20 1.0758603828248468e+20 9.707099964673525e+19
1.0556738937893601e+20 9.761474571648573e+19 1.0879983318697728e+20
-2293.887308520225 6.987549507525528e+19 5.634356015604289e+19
7.565675305950111e+19 7.55879809120085e+19 8.570477212640795e+19
-39.47018374457563 1.5885638400759048e+20 1.0139328432309918e+20
1.991180944147524e+20 1.937209662065473e+20 1.7964606971940176e+20
2.973898677269627e+20 2.889967527377147e+20 3.171214226045433e+20
-35.09894877849131 1.144589319495746e+20 7.199538016809958e+19
-7.736337888807467 5.504120047340728e+20 4.387644604501785e+20
4.332445425409379e+20 4.191129419223969e+20 4.3109494052724113e+20
6.794568010061471e+20 6.525453896467837e+20 6.191894866760861e+20
1.3453651466391585e+21 1.4071713963430123e+21 1.346064111896158e+21
4.0225874915203056e+20 3.8226492513365184e+20 3.8205610907168906e+20
4.035097322777416e+20 3.987419188838755e+20 2.9476549963277114e+20
6.785361944857216e+20 6.388756135118098e+20 6.515856020449869e+20
3.822639651601268e+20 3.9197760564620145e+20 4.0338188299952456e+20
-129788.86822596482 7.039242807333413e+18 6.407802801056357e+18
-86603.42474327217 4.655431696261626e+18 4.376203596952177e+18
-113041.78148464949 4.213285378631145e+18 3.646920674156384e+18
3.4434733706184284e+18 1.9064888797265275e+18 1.8787651464724902e+18
-4611.892216912798 1.4497228403119084e+19 1.977280717644002e+19
-5772.321511996082 1.7547261252199815e+19 1.6805504485855584e+19
-8921.913605257665 1.3207409017092405e+19 1.0308016930120235e+19
-12711.941678277453 1.4723750116713064e+19 1.0402689917867528e+19
-8924.911884465051 4.218842274224209e+19 4.448890228580312e+19
-7148.855793213967 3.9567925337686745e+19 3.5206216978027393e+19
-15215.285324799675 4.326606085719237e+19 4.304196009069386e+19
-17603.15767255339 3.87184762360203e+19 3.807835251733729e+19
3.88955194744181e+18 3.83579967170241e+18 4.861417943130352e+18
-530692.1182487551 3.007203920898913e+18 3.131255071279467e+18
6.144845025350543e+18 6.010435781487314e+18 5.297522372511191e+18
8.403026321250134e+18 7.903877963323764e+18 1.362680623648557e+19
2.062488787688791e+19 2.0622798922201915e+19 1.877617754035832e+19
1.4227083617674234e+19 1.2847576429455217e+19 1.3571321056470266e+19
1.0951611979997114e+19 1.4847723363405462e+19 1.0405461202783275e+19
1.489476317526469e+19 1.4187331848435198e+19 3.3413138183676236e+19
3.370261887402975e+19 3.311963045055091e+19 2.8796925377463394e+19
3.749196627409789e+19 3.4996848333531533e+19 2.989519833471409e+19
3.4309448331858186e+19 3.197765115511989e+19 2.469898120226944e+19
2.7146115201369055e+19 2.8258509607383876e+19 4.466770018655793e+19
3.845230726866551e+19 3.952523124119101e+19 3.89501216739374e+19
4.439864904594967e+19 4.163969716095939e+19 4.119903781731696e+19
5.236935275328781e+19 4.937985739178043e+19 5.3770873353751675e+19
4.301810228904822e+19 4.214824006695927e+19 4.3552430297735455e+19
6.5558433252371685e+19 6.674402377760773e+19 6.360803723309381e+19
5.483365108729405e+19 6.086648992180242e+19 6.220588192178615e+19
4.240285599731716e+19 4.213315034854177e+19 4.11078874952405e+19
4.218773164323631e+19 3.3743554799978734e+19 4.245129962725719e+19
5.083493137252259e+20 5.0605336209674935e+20 5.587193825714599e+20
5.152133644879197e+20 5.171011906624912e+20 5.0905534812682525e+20
9.528070985599037e+20 8.662433942224536e+20 9.876947919582356e+20
5.2702173278705746e+20 5.323762126432239e+20 4.585781386813668e+20
7.281682588100419e+20 7.593203079504783e+20 6.96267704302251e+20
7.71783883449777e+20 7.597843130376187e+20 5.862801583712934e+20
8.729991102908826e+20 8.815888032018678e+20 8.135647315896511e+20
7.008332393555587e+20 6.845512819544919e+20 4.9976997655581714e+20
